{
    "checkerboards": [
        {
            "lph": "26.25",
            "pose": {
                "rotation": [
                    [
                        "1",
                        "0",
                        "0"
                    ],
                    [
                        "0",
                        "1",
                        "0"
                    ],
                    [
                        "0",
                        "0",
                        "1"
                    ]
                ],
                "translation": [
                    [
                        "0",
                        "0",
                        "0"
                    ]
                ]
            },
            "x_grid": "9",
            "y_grid": "6"
        }
    ],
    "constellations": "",
    "plates": [
        {
            "height": "183.75",
            "pose": {
                "rotation": [
                    [
                        "0.99443559343505106",
                        "0.10142598540213019",
                        "0.028471389054359496"
                    ],
                    [
                        "-0.10433113584685819",
                        "0.98563235080037792",
                        "0.13283027948711507"
                    ],
                    [
                        "-0.014589880135979496",
                        "-0.13506161016709212",
                        "0.99072977993834943"
                    ]
                ],
                "translation": [
                    [
                        "-204.96870840715133",
                        "-165.41898322044995",
                        "456.9955471681422"
                    ]
                ]
            },
            "scale": "0.050000000000000003",
            "texture": "..\/examples\/texture.png",
            "width": "262.5"
        },
        {
            "height": "183.75",
            "pose": {
                "rotation": [
                    [
                        "0.96808718442396968",
                        "-0.24851780842049409",
                        "-0.032343504014648541"
                    ],
                    [
                        "0.24961147396674635",
                        "0.96768240405733441",
                        "0.03584518017762222"
                    ],
                    [
                        "0.022390074100352757",
                        "-0.042774569263669973",
                        "0.998833830427308"
                    ]
                ],
                "translation": [
                    [
                        "-284.78583165544632",
                        "57.98164900532479",
                        "1313.8740960033117"
                    ]
                ]
            },
            "scale": "0.050000000000000003",
            "texture": "..\/examples\/texture.png",
            "width": "262.5"
        },
        {
            "height": "183.75",
            "pose": {
                "rotation": [
                    [
                        "0.97930102106282257",
                        "0.14015808072271552",
                        "-0.1460315806715714"
                    ],
                    [
                        "-0.15878806194338338",
                        "0.97938669637508013",
                        "-0.12485211390990066"
                    ],
                    [
                        "0.12552235470057577",
                        "0.14545587431118528",
                        "0.98136982177912491"
                    ]
                ],
                "translation": [
                    [
                        "381.70517224455239",
                        "-256.16439825891314",
                        "1632.2120754412656"
                    ]
                ]
            },
            "scale": "0.050000000000000003",
            "texture": "..\/examples\/texture.png",
            "width": "262.5"
        },
        {
            "height": "183.75",
            "pose": {
                "rotation": [
                    [
                        "0.95611015747009065",
                        "-0.14352298649326048",
                        "-0.25544964108523155"
                    ],
                    [
                        "-0.069377945262134366",
                        "0.73613790284377378",
                        "-0.6732664321856352"
                    ],
                    [
                        "0.28467537212362176",
                        "0.66143944571277724",
                        "0.69387159630687567"
                    ]
                ],
                "translation": [
                    [
                        "122.5627087860839",
                        "194.23169496285806",
                        "1302.0395886969443"
                    ]
                ]
            },
            "scale": "0.050000000000000003",
            "texture": "..\/examples\/texture.png",
            "width": "262.5"
        },
        {
            "height": "183.75",
            "pose": {
                "rotation": [
                    [
                        "0.81622207537015634",
                        "-0.3460863057519179",
                        "0.46260760115828686"
                    ],
                    [
                        "0.43867681409560422",
                        "0.89231945278779268",
                        "-0.1064361167622387"
                    ],
                    [
                        "-0.37595767907221272",
                        "0.28981073677054203",
                        "0.88015087365698275"
                    ]
                ],
                "translation": [
                    [
                        "-238.28196265967603",
                        "20.268622031528395",
                        "620.78945426456164"
                    ]
                ]
            },
            "scale": "0.050000000000000003",
            "texture": "..\/examples\/texture.png",
            "width": "262.5"
        },
        {
            "height": "183.75",
            "pose": {
                "rotation": [
                    [
                        "0.85481306867018403",
                        "0.44279140656589039",
                        "-0.27061113780120666"
                    ],
                    [
                        "-0.46687909822808027",
                        "0.8838598302964753",
                        "-0.028560602690069652"
                    ],
                    [
                        "0.2265359248958051",
                        "0.15075666041567048",
                        "0.96226498641066427"
                    ]
                ],
                "translation": [
                    [
                        "-82.433865864487245",
                        "-122.35964762693192",
                        "1225.4963780966229"
                    ]
                ]
            },
            "scale": "0.050000000000000003",
            "texture": "..\/examples\/texture.png",
            "width": "262.5"
        },
        {
            "height": "183.75",
            "pose": {
                "rotation": [
                    [
                        "0.8833212107702445",
                        "-0.46807051674923361",
                        "0.025566187699660681"
                    ],
                    [
                        "0.45546495512270135",
                        "0.84407499989842827",
                        "-0.28300012226418558"
                    ],
                    [
                        "0.11088423358829935",
                        "0.26162451317981217",
                        "0.9587790677966237"
                    ]
                ],
                "translation": [
                    [
                        "348.49149363156505",
                        "48.458734950084249",
                        "1217.0247211857948"
                    ]
                ]
            },
            "scale": "0.050000000000000003",
            "texture": "..\/examples\/texture.png",
            "width": "262.5"
        },
        {
            "height": "183.75",
            "pose": {
                "rotation": [
                    [
                        "0.90156937962833339",
                        "-0.43202425860831045",
                        "-0.022971584414697887"
                    ],
                    [
                        "0.37511821767956771",
                        "0.80706159930924137",
                        "-0.45600208079055321"
                    ],
                    [
                        "0.21554344453377894",
                        "0.40250045328465101",
                        "0.88968219529456938"
                    ]
                ],
                "translation": [
                    [
                        "-232.51990181001534",
                        "-81.679459548656553",
                        "877.45594702623634"
                    ]
                ]
            },
            "scale": "0.050000000000000003",
            "texture": "..\/examples\/texture.png",
            "width": "262.5"
        },
        {
            "height": "183.75",
            "pose": {
                "rotation": [
                    [
                        "0.84677467207451096",
                        "0.23359602503663426",
                        "0.47791793418974116"
                    ],
                    [
                        "-0.22276301351421013",
                        "0.97156888523024965",
                        "-0.080190654458720839"
                    ],
                    [
                        "-0.48306241267891498",
                        "-0.038559024099869006",
                        "0.87473647867074433"
                    ]
                ],
                "translation": [
                    [
                        "-185.20994309588204",
                        "-172.67659189439362",
                        "914.36908379276667"
                    ]
                ]
            },
            "scale": "0.050000000000000003",
            "texture": "..\/examples\/texture.png",
            "width": "262.5"
        },
        {
            "height": "183.75",
            "pose": {
                "rotation": [
                    [
                        "0.97610704552462557",
                        "0.18478470121197235",
                        "-0.11432256940424528"
                    ],
                    [
                        "-0.17586712996645304",
                        "0.98084129549718113",
                        "0.083792038075072628"
                    ],
                    [
                        "0.12761578379867078",
                        "-0.061684416552430746",
                        "0.98990365414015768"
                    ]
                ],
                "translation": [
                    [
                        "-434.16565671064603",
                        "-242.52846856322788",
                        "1221.3656279336719"
                    ]
                ]
            },
            "scale": "0.050000000000000003",
            "texture": "..\/examples\/texture.png",
            "width": "262.5"
        }
    ]
}
